Sum = 770646.849681
Sum = 745472.544903
