Sum = 784814.555373
Sum = 760762.491286
